Samples= 8192000000.0, my_pi= 3.1415751655, diff=0.0000174881
Elapsed= 208.56844560801983s

