Samples= 8192000000.0, my_pi= 3.1415349766, diff=0.0000576770
Elapsed= 13.05442139133811s

