Samples= 8192000000.0, my_pi= 3.1414998066, diff=0.0000928469
Elapsed= 12.855430759489536s

