Samples= 8192000000.0, my_pi= 3.1416034199, diff=-0.0000107663
Elapsed= 207.82087676227093s

