Samples= 8192000000.0, my_pi= 3.1415995503, diff=-0.0000068967
Elapsed= 2483.2166899889708s

