Samples= 8192000000.0, my_pi= 3.1416023906, diff=-0.0000097370
Elapsed= 2591.3846601881087s

